0000000000000000
0000000000000000
0000000000000000
0000000000000000
0000000000000000
0000000000000005
1000000000000F00
0000000000000001
21000000000000F0
0000000000000024
1000000000000E00
3000000000000000
0000000000000048
0000000000000065
000000000000006C
000000000000006C
000000000000006F
000000000000000A
0000000000000000
4000000000000001
4000000000000002
4000000000000003
1000000000000201
0000000000000001
1000000000000300
000000000000001B
1000000000000E00
1000000000000112
F000000000000001
2900000000000011
2000000000000023
38000000000000005000000000000003
5000000000000002
5000000000000001
6000000000000002
000000000000000C
1000000000000100
0000000000000013
1000000000000E00
6000000000000001
F00000000000003C
